          150        242.4         7.04          9.6        37.46         0.68        0.146          5.3         2068       0.0613
          151        274.4         6.56         -6.8        34.56         0.76        0.158         3.97         1748       0.0404
          152          260         9.84          4.8        24.12         0.73        0.162         2.99         2132        0.069
          153        224.8         8.48         -5.2        20.64         0.79         0.11         3.13         2244       0.0349
          154        253.6         9.12         -3.2        27.02         0.97        0.164         5.79         2148       0.0481
          155        298.4         7.76          7.6         27.6         0.82        0.136         4.11         2212       0.0272
          156        277.6          6.4            2         21.8         0.71        0.094         2.64         2036       0.0646
          157        285.6         8.16           -4        28.76          0.7        0.114         5.02         2484       0.0778
          158        234.4         7.92           -6        21.22         0.69        0.124         4.95         1780       0.0789
          159        287.2          9.6          0.4        31.66         0.52         0.13         5.65         1860       0.0492
          160          268         9.68         -9.6        38.04         0.85        0.102          3.2         1956       0.0635
          161        258.4          7.2         -1.2        19.48          0.5        0.176         4.53         2324       0.0448
          162        247.2         8.08         -0.4        41.52         0.87        0.086         5.44         1892       0.0305
          163          252         8.32          6.8         39.2         0.96        0.098         3.27         2452       0.0591
          164        255.2          9.2          8.4        17.16          0.8        0.082         5.16         2084       0.0569
          165        232.8         7.28         -7.6        35.72         0.86        0.172         3.34         2340       0.0701
          166        269.6         9.36         -3.6        44.42         0.66        0.154         4.18         2468        0.036
          167        237.6         6.48          5.2        16.58         0.92         0.17         3.69         1940       0.0503
          168          292            8          5.6         33.4         0.95        0.132          4.6         1716       0.0723
          169        280.8         7.36          -10         30.5         0.55        0.084         4.04         2164       0.0316
          170        239.2            6          3.2        38.62         0.67        0.138         2.78         2292       0.0294
          171        229.6         6.08         -1.6        25.28         0.88          0.1         5.51         2388       0.0547
          172        256.8         9.44          6.4        35.14          0.6         0.09         2.71         1908       0.0371
          173        282.4         7.52          2.4        42.68         0.51        0.152         2.92         2052       0.0712
          174        221.6         9.28         -4.8        33.98         0.58        0.166         3.83         1812       0.0415
          175        231.2         6.64          3.6        22.96         0.53        0.104         4.88         1796       0.0338
          176        223.2         6.96          2.8        40.36         0.83        0.112         3.06         1732       0.0668
          177          276         9.04         -4.4           16         0.81        0.122         3.76         1700       0.0327
          178        245.6          6.8         -8.4         42.1         0.57         0.14         5.86         2116       0.0602
          179          220         7.84          4.4        26.44         0.54        0.116         3.41         2372       0.0734
          180        296.8         6.32         -0.8        17.74         0.72        0.126         5.93         1988       0.0536
          181        290.4         6.16         -5.6        43.84          0.9        0.108          3.9         2180        0.058
          182        263.2          8.8          1.2        36.88         0.98        0.168          2.5         1972       0.0393
          183        226.4         8.96          8.8        28.18         0.78        0.148         4.81         2308       0.0283
          184        240.8         9.92            4        43.26         0.75        0.134         5.09         2100       0.0756
          185        271.2         7.44          7.2         36.3         0.56        0.088         5.37         2420       0.0459
          186        293.6         8.88         -9.2        29.34         0.74        0.178         4.39         2004       0.0679
          187        266.4         7.12         -8.8         24.7         0.89        0.156         4.46         2356        0.025
          188          244         9.52         -7.2         18.9         0.61         0.12         5.58         2276       0.0514
          189        250.4         8.56         -2.8        18.32         0.99        0.118         3.48         2196       0.0767
          190        288.8         8.72          0.8        22.38         0.65        0.128         2.57         2436        0.047
          191        295.2         9.76            0        32.82         0.94        0.106         5.23         2228       0.0437
          192        272.8         6.88            6        32.24         0.84        0.174         4.74         2404       0.0657
          193        261.6         8.64          9.2        20.06         0.59         0.16         4.25         1828       0.0624
          194        248.8         6.24           -8        23.54         0.63        0.142         2.85         1924       0.0558
          195          284          7.6          1.6        40.94         0.64         0.15         4.67         1876       0.0261
          196        279.2         8.24           -2        31.08         0.62         0.08         4.32         1844       0.0745
          197        264.8         6.72            8        25.86         0.91        0.092         3.62         2020       0.0382
          198          236         7.68         -2.4        29.92         0.93        0.144         5.72         1764       0.0525
          199          228          8.4         -6.4        39.78         0.77        0.096         3.55         2260       0.0426