          150          220            6          -10           16          0.5         0.08          2.5         1700        0.025
       182.42       241.88       6.2812       3.5938       18.492      0.74609      0.13234       3.6211       1993.8      0.05207
       166.21       251.56       6.8906      -2.4219       16.793      0.86523      0.10773       3.1152       2234.4      0.04627
       197.75       248.91       8.1953      0.58594        38.26      0.61816      0.10129        2.999       2129.7     0.036924
       158.11       247.34       6.7422       1.2891       17.529      0.78418      0.12355       4.0791       2114.1     0.042725
       181.15       290.47       8.2109      -1.3672       20.928      0.99902      0.13996       4.9268       1732.8     0.058623
       173.88       255.86       7.1602       6.8164       43.159      0.67725      0.14221        3.187         2257     0.058462
       188.13        286.8        8.957       -4.043       17.218       0.9917      0.11525       2.9546       1760.2      0.06856
       154.05       258.83       6.3867       7.0898        18.86      0.77393      0.12834       2.8384       2305.5     0.069312
       184.72       254.77       9.0586      0.44922       29.622      0.79932       0.1342       3.2622       1814.8     0.032573
       165.58       265.39       7.1523      0.29297       27.583      0.74854      0.15686       4.2192       2058.6      0.05019
       195.73       250.82       8.6387       2.5684       38.132       0.7229      0.15222        5.865       2242.6     0.038777
       161.94       243.63       9.5918        8.584       31.449      0.82251      0.15651        5.113       1733.2     0.050593
        175.9       253.79       9.9121       3.5449       22.103      0.82153      0.11608       5.5164       2394.1     0.029646
       169.07       279.73       7.5215      -6.0645       18.365      0.72192      0.17272       3.2058       2484.8     0.064666
       192.11       222.85       9.0527       5.9668       21.763      0.56177     0.090693       5.8035         2066     0.050486
       152.03       240.74       6.9473       9.8145       19.469      0.88062      0.17595       5.2668       2418.4     0.064934
       183.86       298.55       7.5254       5.0488       31.137      0.94897      0.16696       4.9524         2259     0.072883
       167.36       247.77       8.5332       6.5723       39.124      0.75073        0.107       5.0823       1857.4     0.076643
       199.78       229.65        8.752     -0.45898       40.709      0.99683      0.15622       5.7659       2038.7     0.055588
       157.79       288.09       9.6113       5.0879       41.276      0.87378     0.094893       3.7834       2441.8     0.038616
       178.53       233.42       7.1514       1.2256        22.45      0.68372      0.15156       3.8424       1760.7     0.054017
       172.86       246.23       7.3232        -1.04       41.821      0.86145      0.16601       5.4967       2113.9     0.059388
       189.17       277.64       8.9873       2.3584       32.589      0.66516      0.17988       3.7672       2390.4     0.029847
       155.97       254.51       8.9561      -4.9854       25.565      0.92688     0.096284       3.3571       2059.2     0.037152
       186.63        259.2       7.5967      -7.5635       22.053       0.9054      0.16464       2.7418       2174.8     0.070883
       162.95       248.18       8.2178      -2.2705       29.275      0.93518      0.17158       4.8849         2035     0.048807
       194.79          291       9.2646      -2.5049       42.982      0.98792      0.15556       5.4454       1888.1     0.027108
       159.53       290.21       9.8037       3.3936       16.871       0.8678      0.10302       5.0284       1989.6     0.054071
       177.89       289.59       6.8975      -1.4502        26.16      0.80139      0.10068       3.1964       2333.4     0.056219
       171.06       224.28       8.5381       8.9404       29.672      0.65491      0.13232       5.5343         2449     0.037958
       193.01       271.35        7.833       7.7588       18.669      0.68787      0.11274       4.4696       1958.8     0.035997
       151.01       251.04       6.5361      -3.1006       18.103      0.56482      0.15141       2.9794       2361.9      0.05297
       181.38       295.25       6.2783        7.251       20.878      0.79041      0.09145        4.203       1910.4     0.044913
       166.93       262.13       9.8096       7.7197        24.73      0.61462      0.14692       4.2303       1741.6     0.070265
        197.6       266.82       6.6377       4.8291       20.991      0.59314      0.11528       3.6151         2426     0.038683
       158.68       256.43       7.2666       8.5986       44.356      0.87683      0.12319       3.3246         2333     0.051412
       179.97       267.36       6.9072        7.583       35.406       0.8866      0.17358       4.2953       2498.6      0.03358
       174.89       225.49        7.626       1.1768       44.696      0.74207     0.096235       2.7367       2004.9     0.030573
       188.85       236.89       7.8682       6.2158       23.342      0.73914      0.15112       4.0697       2265.8      0.05152
       153.89       276.58       8.9463       7.5439       43.393       0.8114     0.089009       4.0013       2200.2     0.067633
       185.16       266.42       8.5767      -7.1851       16.513      0.57477      0.17301       4.7161         1769     0.053715
       164.26       239.85       9.6235       6.4868       28.408      0.83453      0.16402       4.5384       2484.7     0.038891
       196.69       257.98       9.8423     -0.23193       29.994      0.91656      0.11168        5.222       2215.9     0.038461
       161.43       258.13       9.3501      0.74463       32.543      0.78278      0.14664        4.805       2317.5     0.062846
       175.69       289.07        6.522      -8.5522       29.484      0.59723      0.12359       5.0648       2014.4     0.073373
       169.59       291.34       7.5103       5.7251       24.301      0.82526      0.15006       4.0086       2044.8      0.04829
       190.88       222.28       6.1821       5.4907       18.751       0.8194     0.099666       5.3621       1985.4     0.035615
       152.98        247.9       7.5259       -7.478       34.837       0.6983     0.091072       5.9363       2441.7     0.067841
       183.36       283.37       7.2837       2.8735         34.1      0.90631      0.15181       4.7537       2093.3     0.030566
       168.32       241.18       9.9868      -9.2358       29.229      0.57623      0.14752       4.4393       1883.9     0.055703
       198.47       275.05       6.4692      -6.6479       39.778      0.58282      0.16163        2.585       2417.9      0.06529
       156.48       257.24       7.1411       1.3989       40.118      0.70978      0.10108       4.9776       2014.7     0.027263
       179.52       280.36       9.6724      -1.2573       43.517      0.51056      0.15655       4.1299       2433.5     0.067224
       172.39       265.83       8.3833      -6.6089       31.792      0.72052     0.095808       5.6817       2281.9     0.044343
       190.17       246.14       6.4614     -0.12451       26.015      0.53107      0.13448       3.5079       1816.3     0.043268
       154.77       265.28       8.1606     -0.65186       17.377      0.80206      0.14161       3.2994       2243.7      0.03924
       187.19       287.16       8.3794       7.0044       18.963      0.94659     0.090828       3.9283       2462.4     0.037951
       163.95        275.6       6.7388      0.20752       37.654      0.76105        0.142        5.063       2159.3     0.034728
       194.32       230.75       6.4497       -9.519       31.254      0.59406      0.10079       5.6304       1707.7     0.077375
       160.53       223.56       7.2778      -4.1284       39.297      0.95148      0.11055       4.8785       2217.1     0.067277
       176.58       255.15       8.3647      -5.1782       25.342      0.65302     0.095295       5.4826       1910.6     0.060389
        171.5       297.02       9.0835      -3.4595       16.506      0.96942      0.16795       3.4865       2391.9      0.05824
       192.79       226.71       8.7241      -2.7563       25.682      0.97919      0.11756       5.8791       2426.3     0.067908
       150.51       245.93       6.2788      -5.2954       17.016      0.54071      0.16737       3.2199       1790.3     0.039871
       182.34       293.74       7.2007      -9.9048       32.762      0.60126      0.17557       3.5617       1937.2     0.032352
       165.69       262.72       6.9233       8.2007       27.749      0.76288      0.13094       3.7907       1809.9     0.057112
       198.11        284.6       6.6421      -4.4556       28.882      0.98553     0.081721       2.6696       2091.1     0.075589
       158.47       281.79       8.1577      -3.5962       36.925      0.66718      0.11649       3.7497       2050.5     0.055609
       180.63       223.82       8.2437       8.0835       24.521      0.87909      0.11629       5.1647       2108.3     0.047982
        173.8       289.76       6.3218     -0.58838       28.033       0.5451      0.17293       3.1276       2223.9     0.067962
       187.54       267.76       9.4019       2.4487       24.507      0.84076      0.14476       4.6059       1889.9     0.041885
       154.34       244.64       9.4331       -4.895       31.983      0.56342      0.12523       5.8911       2158.7     0.045753
          185       249.33       6.0112      -7.6294       42.745      0.60443      0.13109       5.4399       2074.3     0.055421
       164.98       288.86       6.7065      -3.6841       20.485      0.58392      0.10316       5.2143       1991.5     0.076797
       195.65       284.79       9.8472      -8.7622       23.997      0.62494      0.15902       5.6928       2275.9     0.031036
       162.45       227.92       9.8159        6.394       30.567       0.8476     0.091047       4.4077       1769.6     0.035762
       176.26        299.4       7.4995      -1.5552       30.596       0.6889      0.12318       5.8398       1832.9     0.068257
       169.43       234.09       9.0776       8.9917       34.334      0.85492      0.16732        2.873       1748.5     0.046558
        191.6       291.44       9.0229       -4.563       25.328      0.56683      0.16673        4.288       2490.7     0.052681
       151.95       294.87       7.5386      -3.5474       33.598      0.77972      0.13275       5.4228       2450.1      0.07438
       184.37          273       7.7573       9.7339       32.012      0.97113     0.080403       4.3564       2243.8     0.058482
       167.58       289.62       7.4797       2.9724       17.786      0.56235      0.10014       5.8515       2496.9     0.040237
       199.42       252.44       6.0579        2.113       32.852      0.61118     0.089589        4.416         2225     0.032288
       157.13       230.09       8.9407       9.6521         38.8      0.92465      0.14525       3.5888       1989.1      0.06011
       178.42       281.03       9.3625       9.1052       33.249      0.93051     0.094862         5.79       2029.7     0.079661
       173.34       241.66       8.0813        2.074       39.366      0.69223      0.16752       3.8486       2473.5     0.066341
       189.51       254.39       9.4211      0.88257       16.228      0.68588      0.09828       5.9096       1922.7     0.076385
       155.72        242.2       8.3743       5.4919       24.271      0.76596      0.11351       4.9116       2400.8     0.071443
       186.09       286.42       8.5696      -4.7815       28.746      0.62045      0.17933       5.7798       2052.4     0.026433
       162.84       276.11        6.304      -7.9846       40.187        0.681      0.12816       3.3325       1755.5     0.030086
       195.27       296.73       6.0227       4.3591       38.148      0.56772      0.17894       4.0161       1949.3     0.047703
       159.79       267.01       9.7551       7.8845        36.69       0.9371      0.16181       5.4123         2002     0.027749
       177.57       247.32       7.8333       3.9001       27.514      0.81406       0.1247       4.0862       2498.9     0.025816
       170.44       221.54       6.1067       9.1736       19.188       0.9166      0.14013       5.7199       2247.3     0.058794
       193.48       275.91       8.5754      -9.1077       22.586      0.86581      0.12372       3.0676       1803.6     0.042896
       151.49       256.85       9.8098        3.783       23.153      0.98886      0.13427       4.6125       2200.4     0.073618
       181.72       232.08       7.8137       5.7556       37.228      0.81064      0.15975       5.4704       2377.8     0.060459
       166.68        274.9       9.3918       -2.135       25.107      0.70322      0.16405       5.7849       2199.7     0.035752
       197.05        238.8       9.6653       7.5134       27.995      0.93271       0.1287        4.903       1748.1     0.075821
       159.16       250.68        8.009      -9.5178       40.456       0.5538      0.11229       4.3288       2279.3     0.030703
       180.45       260.37       9.6809      -9.2834       31.281      0.55966      0.16268       3.3034       2138.7     0.040371
       174.23       292.57       6.7971        4.198       42.644      0.55856      0.14591       2.5421       2351.4     0.053786
       188.49       244.76       9.0627      -6.3489       17.609      0.86911      0.12286       2.7198       2054.5     0.070758
       153.24       243.98       9.6174       7.0496       42.248      0.98727      0.13869       4.2442       1756.1      0.04444
       185.66       223.35       9.8362     -0.91919        43.38      0.76462     0.086342       3.1231       1949.9     0.032838
       164.76       270.54       8.8518      0.25269       33.298      0.52048     0.096107       2.8634       2209.2     0.073444
       196.16       247.81       8.8635       1.9519       42.163       0.6821      0.15109       2.7096       2025.6     0.034503
        161.2       288.75       7.9417       4.3738       25.963      0.85983     0.088197       2.7232       2091.3     0.056203
       175.16        298.9       7.5588       9.3347       42.559      0.86276      0.13449       4.0836       2230.3     0.077365
       170.08       258.28       6.7776        1.991       37.348      0.51511      0.11027       5.5875       1874.1     0.069201
       191.37       267.96       7.4182       1.7566       42.899      0.50534      0.15988       3.7965       1708.4     0.056095
       152.38       287.69        7.092         2.45       18.982      0.76144      0.15592       5.9344       2124.5     0.061064
       183.05       283.63       8.4827       5.0281       29.971      0.78293      0.10006       5.4012       2008.8     0.041083
       168.59       279.25       7.9514       9.8718       19.322      0.62277      0.13209       5.4286       1840.1     0.067294
       198.97       234.41       7.2405     -0.40161       20.172      0.77219     0.098304       4.3827       2288.5     0.030663
       156.97       292.85       6.3811       5.1453       19.832      0.89523      0.15963       3.3026       1891.7     0.061815
       178.99       290.11       8.6506      0.78979        28.64       0.7756     0.095277       5.1175       1823.7        0.071
       172.16       236.05       6.7913      -8.3508       24.901      0.67209      0.13864       3.5999       1708.1     0.051449
       190.52       224.17        9.885       6.4929       17.878      0.74631      0.13942       5.4867       2164.3     0.048441
       155.26       224.64       9.4241      -6.9055       44.216      0.61642      0.11891       4.9876       2462.7       0.0739
        187.1       277.46       8.0959      -7.9211        27.11      0.55588      0.10836       5.3021       2209.6      0.05349
       163.29       242.58       7.8181       4.3762       35.178      0.94461     0.092335       4.8138       1809.7     0.063084
       193.95       248.52         8.74       8.0481        38.69      0.98172      0.17319       4.3352       2319.1     0.044823
       160.75       264.15       8.7087      -5.5457        17.62      0.73563       0.1021       5.6204       2025.3     0.049549
       177.06       252.11       7.1072       6.6809       30.477      0.79129     0.090577       3.8636       1851.9     0.067274
        171.4       229.93       7.4353      -6.8347       34.668      0.72293      0.12378       5.4905       2223.8     0.073934
       192.25       278.91       7.6892      -9.9011       17.874      0.51443      0.10767       2.6297         1748     0.029408
       150.25        258.6       6.9236        4.552       18.441      0.63748        0.144       5.0496       2144.9      0.06056
       182.68       239.22       6.6423      -8.4167       16.402      0.61014     0.094777       5.6785       2351.1     0.072162
       166.17       269.38       9.6658      -9.9402       24.388      0.68338      0.15435       5.6717       1952.7      0.07764
       198.01       232.19       8.8689      -5.1746       39.681      0.74002      0.13833       4.6736       1724.6     0.056371
       157.85       284.03       6.7302      -3.2117       40.941       0.9053      0.10557       3.9917       1852.3     0.035182
       180.89        258.4        8.199       3.1946        44.34      0.81546      0.15166       4.8941         2296     0.073424
       174.06       273.09       6.3708      -5.6335       40.828      0.72757     0.082521       3.3765       2186.7     0.041412
       188.02        264.5       6.1287     -0.67261       27.631      0.72855      0.14014       2.9868       1947.6     0.035074
       154.23       272.31       7.0818      -5.4382       21.174      0.81644      0.16865       3.9576       2425.7     0.030562
       184.46       296.29       9.0466      -4.7156       35.249      0.88919      0.14414       3.0655       2153.1     0.045333
       165.32       223.17       7.1404      -4.5593       36.835      0.56497      0.17149       3.8584       2321.8     0.026856
       195.98       227.86       8.3123      -7.9187       40.347      0.60208     0.090626        3.544       1812.5     0.074337
        161.9        275.2       6.8513      0.94849       38.364      0.63235      0.10293       4.1114       2454.6      0.07337
       176.16       227.39       9.0232      -8.1921       19.673       0.9429      0.17988       3.9063       1951.5     0.062843
       168.77       286.47       8.4988       5.7581       36.814      0.91348      0.11697       2.6237       2295.1     0.078352
       191.82       250.84       6.9675      -5.6482       32.509      0.87051      0.14588        5.276       1851.3     0.036672
       152.17       253.03       8.4832      -7.4451       26.052      0.53262      0.17439       4.6335       1891.9     0.042903
       183.71       245.06       6.6785       5.4846       33.585      0.79532      0.13005       4.5446       1799.8     0.026682
        167.5          256       6.0066       -9.281       31.659      0.66055      0.10545       5.7067       2434.1     0.030764
       199.92       236.63       6.2878       3.0627       33.698      0.58633      0.15779       5.0231       2265.4     0.046662
       157.49       275.77       6.4011      -5.3943       30.102      0.55753      0.13855       3.9123       2225.5     0.052409
       178.78       245.45       7.7917      -5.7849       21.153      0.54776      0.08816       5.4572       2191.2     0.032429