       158.28
       215.95
       221.14
       268.75
       222.05
       271.06
       221.81
       247.79
       188.35
       241.55
        224.3
       347.58
       267.85
       376.32
       221.81
       390.77
        245.8
       285.06
       297.89
       341.89
        307.8
       213.01
       268.95
       272.59
       253.13
       217.07
       251.52
       320.64
        318.6
       247.28
       330.49
       291.68
       179.77
       252.25
       258.77
       265.87
       227.09
       252.45
       222.12
       273.76
       293.16
       257.91
       296.92
       390.66
       297.72
       261.75
       233.07
       287.18
       329.61
       262.89
       276.88
       209.43
       257.42
        304.3
       355.09
       208.41
       217.86
       335.44
       244.88
       291.07
       278.02
       327.01
       258.17
       396.91
       153.25
       208.64
       210.77
       250.09
       241.46
       320.06
       190.84
       296.06
       316.55
       264.67
       266.73
       366.82
       296.38
       289.03
        201.4
        308.9
       283.06
       337.23
       333.15
       287.45
       235.15
       384.36
       258.08
       382.45
       302.36
       298.14
       179.27
       209.76
       289.52
       284.94
       266.01
       245.42
       290.46
       309.93
       309.36
       331.31
       269.54
       254.64
       193.49
       253.47
       245.78
       293.64
       251.39
       232.16
       228.64
       268.52
       268.48
       220.39
       251.84
       338.98
       275.52
       314.52
       175.17
       322.29
       198.62
       362.35
       324.39
       339.18
       278.46
       301.33
       316.89
       256.79
       302.27
       211.89
        232.7
       332.19
       309.34
       294.28
       217.01
       302.77
       242.87
       190.66
       215.07
       253.22
       215.93
       288.14
       263.47
       249.11
       238.26
       267.26
       223.52
       236.99
        285.5
       270.12
       208.99
       337.59