       238.88
       178.49
       219.38
          232
       288.91
       237.27
       187.59
       307.21
       251.86
       294.22
       259.58
       228.52
       304.87
       273.18
       348.89
       215.63
       284.09
       191.88
       250.48
       275.96
        181.8
       292.67
       246.52
       203.71
       236.68
       247.37
       206.37
       249.05
       283.69
       266.22
       273.66
       247.81
       204.68
       314.95
       345.88
       356.09
       275.97
       268.85
       376.89
       289.17
       251.79
       389.08
        276.8
       267.83
       195.51
       262.32
       326.15
       267.73
       298.16
        315.8