     0.000694       278.35       212.79       376.24
     0.000763       292.82       254.84       373.38
     0.000857       282.12        262.3        350.1
     0.000929       298.65        205.4       349.02
     0.000711       292.26       273.31       392.54
     0.000823       288.53       207.55       393.49
     0.000566       285.77       266.71       367.27
     0.000865       274.35       335.16        362.3
     0.000689        272.7       260.91       355.37
      0.00058       272.26       211.71       333.65
     0.000874        282.5       253.25       396.36
     0.000903       284.25        290.9       364.99
     0.000901       302.02       249.57       382.33
     0.000578       302.17       358.13       343.72
     0.000985        301.5       220.37        363.2
      0.00073       285.51       217.74       383.92
     0.000603       296.75       323.15       399.45
     0.000757       300.64       235.03       391.68
     0.000964       271.23          348       398.52
     0.000956       290.33       312.97       368.96
     0.000714       283.08       306.69       344.34
     0.000639       270.45       241.21       341.81
     0.000557       290.18       298.27       377.49
     0.000782       299.86       317.84       348.41
      0.00087       295.76       237.65       366.25
     0.000911       280.17       355.34       370.03
       0.0008       291.42       341.48       358.59
     0.000791       271.64       284.88       365.09
     0.000786       275.51       247.29       340.19
     0.000626       284.89       350.46       352.29
     0.000627        287.6       243.96       382.54
     0.000683       287.05       227.31       358.24
     0.000669       296.33       343.16       385.81
     0.000947       283.62       222.95       378.66
     0.000615       300.28       270.74       335.79
      0.00067       303.07       321.41       370.48
      0.00092       276.89       310.73       397.78
     0.000612       280.83       291.53       394.72
     0.000891       273.43       336.04       386.95
     0.000968        297.8        244.5       337.41
