     0.000552       293.53       318.63       388.29
     0.000589       278.16       225.78       351.83
     0.000594       279.54       258.51       360.13
     0.000643       276.17       216.99        371.6
     0.000652       298.04       303.96       361.58
     0.000657       294.24       330.63       375.53
     0.000698       277.52       299.39        338.4
     0.000722       276.53       353.75       374.41
     0.000738       295.01       295.02       347.22
     0.000741       270.95       275.19       356.87
     0.000751       287.99       326.02       354.08
     0.000772       278.93       301.75       331.55
     0.000803       281.47       232.64       389.46
     0.000814       286.39       339.92        332.4
     0.000828       297.33       280.13       379.86
     0.000836       289.62       347.65       335.44
     0.000842       294.39       203.45       346.05
     0.000851       273.71       315.27       381.14
     0.000882       299.22       288.45       385.07
     0.000934       288.86       265.53       339.54
     0.000943       292.77       231.01       330.19
     0.000979       291.21        283.1        353.6
     0.000987       281.11       329.45       342.32
     0.000996       275.01       278.27       390.35