        25.11
        21.96
        18.25
        13.67
        27.47
        27.96
        21.23
        23.89
        21.31
        15.03
         30.9
        22.22
        22.64
        11.44
        17.14
        25.88
         28.4
        14.37
        35.05
        22.22
        16.43
        17.92
        23.24
        13.68
        19.36
        25.03
        18.83
        25.06
        16.82
        18.13
        25.02
        18.61
        25.07
        25.48
         9.53
        18.93
        33.27
        30.22
        31.05
        10.99
